function C=My_colour_palette
C=[158	1	66;
    213	62	79;
    252	141	89;
    254	224	139;
    230	245	152;
    153	213	148;
    50	136	189;
    94	79	162]./255;

end